32 10000 10000000000000000
449526831040438 782157151823083
740534523611645 858493416202782
534489326963529 777628308290426
166136122965149 642498227019424
169433929270173 12249225038894
377876706482550 155328349259498
193089383128944 582103662087461
479278807565839 300111169581546
86556556133575 658528388936306
468062261182302 896712242614469
537960156739677 602886915909596
131044311720240 904949382676610
987707955151150 292769174061368
437110622766112 835808950962451
659066257835976 471108241106657
617189593082165 552763740285558
343198406252194 29581847874301
505355176842034 38954805296429
693180996322436 529950366212385
521407564741955 931312185890347
133443307983902 550069880792990
712892294919531 752448391835669
899803556345724 730628061596023
431848983871306 459312072140279
421418658742206 23747392480091
361372280866784 88209036322132
966827362789068 954641716833259
448491424285151 144680406705878
640981631964806 387272806496703
660699357259073 156662941325007
172995046491456 347405987566945
627404153083583 254205577762688
